# URL base do ambiente
BASE_URL=https://hom-conectaformacao.sme.prefeitura.sp.gov.br

# IDs das turmas
PROPOSTA_TURMA_ID=15565,15566,15567,15568,15569,15570,15571,15572,15573,15574,15575,15576,15577,15578,15579,15580,15581,15582,15583,15584,15585,15586,15587,15588,15589,15590,15591,15592,15593,15594,15595,15596,15597,15598,15599,15600,15601,15602,15603,15604,15605,15606,15607,15608,15609,15610,15611,15612,15613,15614,15615,15616,15617,15618,15619,15620,15621,15622,15623,15624,15625,15626,15627,15628,15629,15630,15631,15632,15633,15634,15635,15636,15637,15638,15639,15640,15641,15642,15643,15644,15645,15646,15647,15648,15649,15650,15651,15652,15653,15654,15655,15656,15657,15658,15659,15660,15661,15662,15663,15664

# Códigos de cargo, DRE e UE
CARGO_CODIGO=3213
CARGO_DRE_CODIGO=109300
CARGO_UE_CODIGO=019199

# Tipo de vínculo
TIPO_VINCULO=1

# Configuração de carga
VUS=100
ITERATIONS=100
DURATION=40s